315.963 200.659
364.224 200.935
234.051 201.563
265.581 202.245
223.515 202.603
308.399 203.839
209.073 204.09
353.588 205.899
227.73 205.924
223.21 206.107
263.112 206.719
305.132 207.866
203.586 208.786
311.485 209.02
204.033 209.492
249.341 210.552
292.283 211.309
278.245 212.073
379.141 212.712
232.1 213.399
249.535 213.405
330.043 214.086
214.419 214.398
256.597 214.721
282.972 215.318
313.321 218.016
247.155 218.689
329.833 218.929
351.426 220.526
293.533 223.639
321.143 228.032
319.336 230.29
368.44 230.305
394.794 236.3
273.733 237.001
273.585 240.034
373.987 240.807
348.821 242.357
343.613 243.723
238.121 244.291
201.191 245.422
389.167 245.71
297.48 248.045
261.286 248.468
356.384 248.838
266.725 249.642
364.727 253.226
233.229 255.071
322.846 258.114
307.699 261.363
269.999 262.223
325.846 263.021
286.485 264.885
379.785 264.936
359.746 266.257
250.316 266.522
240.006 267.808
358.451 268.82
254.515 271.08
373.205 275.69
328.704 277.657
398.851 280.155
344.309 280.451
380.361 280.595
387.797 280.673
341.972 283.878
341.317 286.242
337.457 286.246
272.594 286.552
348.447 291.426
394.001 293.168
367.413 293.219
358.445 294.446
364.325 295.439
380.254 295.481
324.044 297.082
392.797 299.644
